freq	dB(S(1,1))
1.00000000000000000E8	-3.65314599999999867E1
1.10000000000000009E8	-3.58887450054954504E1
1.19999999999999996E8	-3.50926771084322908E1
1.30000000000000004E8	-3.47276334100628148E1
1.39999999999999991E8	-3.43235583578455561E1
1.50000000000000000E8	-3.39522372497638347E1
1.60000000000000009E8	-3.36571195775823773E1
1.69999999999999996E8	-3.33751950663618624E1
1.80000000000000004E8	-3.30664458701817932E1
1.89999999999999991E8	-3.28158183517676338E1
2.00000000000000000E8	-3.26043216173091688E1
2.10000000000000009E8	-3.21112582088410203E1
2.20000000000000018E8	-3.17447957687019322E1
2.29999999999999982E8	-3.13876739085887202E1
2.39999999999999991E8	-3.12250161451480901E1
2.50000000000000000E8	-3.10791625799799931E1
2.60000000000000009E8	-3.07850993628944858E1
2.70000000000000018E8	-3.07883579542967034E1
2.79999999999999982E8	-3.07413665470718067E1
2.89999999999999991E8	-3.06815722305734662E1
3.00000000000000000E8	-3.06998141049871931E1
3.10000000000000009E8	-3.07170900039979911E1
3.20000000000000018E8	-3.06645054423382168E1
3.29999999999999982E8	-3.08208823043276148E1
3.39999999999999991E8	-3.08674897933220826E1
3.50000000000000000E8	-3.10289999745758216E1
3.60000000000000009E8	-3.12226068605482299E1
3.70000000000000018E8	-3.13735407934146293E1
3.79999999999999982E8	-3.13495973264343020E1
3.89999999999999991E8	-3.13023399999999929E1
4.00000000000000000E8	-3.12529277263826843E1
4.09999999999999964E8	-3.10295284477660349E1
4.20000000000000018E8	-3.09745982983486146E1
4.29999999999999982E8	-3.07748767690900626E1
4.40000000000000036E8	-3.07556545049626884E1
4.50000000000000000E8	-3.08362145958635736E1
4.59999999999999964E8	-3.07524376178717951E1
4.70000000000000018E8	-3.08491155052329491E1
4.79999999999999982E8	-3.09913279120142171E1
4.90000000000000036E8	-3.12912497492488262E1
5.00000000000000000E8	-3.15307655658179220E1
5.09999999999999964E8	-3.19005378435782605E1
5.20000000000000018E8	-3.24063672692786131E1
5.29999999999999982E8	-3.28323525548669526E1
5.40000000000000036E8	-3.33457451318614684E1
5.50000000000000000E8	-3.39455767973994194E1
5.59999999999999964E8	-3.45042906624934975E1
5.70000000000000018E8	-3.48910500557948478E1
5.79999999999999982E8	-3.49717350592539100E1
5.90000000000000036E8	-3.50961364821772204E1
6.00000000000000000E8	-3.51403048005553753E1
6.09999999999999964E8	-3.53545568032649138E1
6.20000000000000018E8	-3.55532405730554490E1
6.29999999999999982E8	-3.57581033441800011E1
6.40000000000000036E8	-3.61061898804395387E1
6.50000000000000000E8	-3.68677206209434072E1
6.59999999999999964E8	-3.75237251175709252E1
6.70000000000000018E8	-3.85733559301150342E1
6.79999999999999982E8	-3.98125600000000279E1
6.90000000000000036E8	-4.16484134350477841E1
7.00000000000000000E8	-4.40476502568860973E1
7.09999999999999964E8	-4.65765084251877770E1
7.20000000000000018E8	-4.72959603480528212E1
7.29999999999999982E8	-4.54972693550227003E1
7.40000000000000036E8	-4.32789908262477319E1
7.50000000000000000E8	-4.09006063907614070E1
7.59999999999999964E8	-3.96069497517554137E1
7.70000000000000018E8	-3.86416965875149732E1
7.79999999999999982E8	-3.82347233056646241E1
7.90000000000000036E8	-3.80325647714938331E1
8.00000000000000000E8	-3.79502128079889456E1
8.09999999999999964E8	-3.82205945875654729E1
8.19999999999999929E8	-3.86723136165926595E1
8.30000000000000071E8	-3.88769557622611028E1
8.40000000000000036E8	-3.89905650041320007E1
8.50000000000000000E8	-3.88807291386921472E1
8.59999999999999964E8	-3.82676482426812248E1
8.69999999999999929E8	-3.74761756553723302E1
8.80000000000000071E8	-3.66139703677196371E1
8.90000000000000036E8	-3.57921171286745743E1
9.00000000000000000E8	-3.48953743206337208E1
9.09999999999999964E8	-3.40913828016258957E1
9.19999999999999929E8	-3.33100101995214137E1
9.30000000000000071E8	-3.27520947913050131E1
9.40000000000000036E8	-3.23329929464352528E1
9.50000000000000000E8	-3.21432561779451209E1
9.59999999999999964E8	-3.21489977175529740E1
9.69999999999999929E8	-3.22766799999999909E1
9.80000000000000071E8	-3.25221161470872167E1
9.90000000000000036E8	-3.27257176116614357E1
1.00000000000000000E9	-3.29728471668837519E1
1.01000000000000001E9	-3.27705783342785972E1
1.02000000000000002E9	-3.28270013895851553E1
1.03000000000000003E9	-3.26843683004609753E1
1.04000000000000004E9	-3.22843431701192518E1
1.05000000000000004E9	-3.18958327444900647E1
1.06000000000000005E9	-3.16317223152331239E1
1.06999999999999984E9	-3.11857317075116480E1
1.08000000000000007E9	-3.08492286164776042E1
1.09000000000000008E9	-3.03338057383212023E1
1.10000000000000009E9	-3.01536303619112234E1
1.10999999999999988E9	-2.99728180958833645E1
1.11999999999999988E9	-2.99258132203879734E1
1.13000000000000012E9	-2.99045264251447307E1
1.14000000000000012E9	-3.02386856159564310E1
1.14999999999999991E9	-3.03286890034716539E1
1.15999999999999992E9	-3.06608175780845116E1
1.16999999999999993E9	-3.08659305235287995E1
1.18000000000000016E9	-3.10763433991406002E1
1.18999999999999995E9	-3.13398124893899110E1
1.19999999999999996E9	-3.14248699574753632E1
1.20999999999999996E9	-3.14327179386943456E1
1.21999999999999997E9	-3.16157926024020197E1
1.22999999999999998E9	-3.15303762665036436E1
1.23999999999999999E9	-3.16291336973296167E1
1.25000000000000000E9	-3.15075854251439180E1
1.26000000000000001E9	-3.15793099999999782E1
1.27000000000000002E9	-3.14844219187111607E1
1.28000000000000003E9	-3.16897872558772642E1
1.29000000000000004E9	-3.17327393752295350E1
1.30000000000000004E9	-3.20736247093692617E1
1.31000000000000005E9	-3.24557704647657363E1
1.31999999999999984E9	-3.30620802085950549E1
1.33000000000000007E9	-3.33553180948403361E1
1.34000000000000008E9	-3.40003932612369164E1
1.35000000000000009E9	-3.42727528220450761E1
1.35999999999999988E9	-3.45243645338287575E1
1.36999999999999988E9	-3.45897845295258843E1
1.38000000000000012E9	-3.47715438536169241E1
1.39000000000000012E9	-3.47284380233295931E1
1.39999999999999991E9	-3.48672994301220962E1
1.40999999999999992E9	-3.52885677630150463E1
1.41999999999999993E9	-3.57865861480018932E1
1.43000000000000016E9	-3.63908939044604285E1
1.43999999999999995E9	-3.72145430776587816E1
1.44999999999999996E9	-3.79759534667575460E1
1.45999999999999996E9	-3.89677646200331784E1
1.46999999999999997E9	-4.00252093592049896E1
1.47999999999999998E9	-4.11538152689154124E1
1.48999999999999999E9	-4.27084120802848499E1
1.50000000000000000E9	-4.38530279514565091E1
1.51000000000000001E9	-4.37464670219968355E1
1.52000000000000002E9	-4.24963064348616104E1
1.53000000000000003E9	-4.08212079956036789E1
1.54000000000000004E9	-3.92831627723418464E1
1.55000000000000004E9	-3.82588600000000145E1
1.56000000000000005E9	-3.74703352417416458E1
1.56999999999999984E9	-3.72429891002665281E1
1.58000000000000007E9	-3.77512025546054542E1
1.59000000000000008E9	-3.83757613267084263E1
1.60000000000000009E9	-3.92559602244839789E1
1.61000000000000010E9	-4.03336327118956461E1
1.61999999999999988E9	-4.11469734917690388E1
1.63000000000000012E9	-4.17762798684796621E1
1.63999999999999990E9	-4.11261528180229963E1
1.64999999999999991E9	-4.02734922313734423E1
1.66000000000000014E9	-3.93785492623478550E1
1.66999999999999993E9	-3.85454970875679859E1
1.68000000000000016E9	-3.77376760703805880E1
1.68999999999999995E9	-3.68339221989195043E1
1.69999999999999996E9	-3.60823342484837051E1
1.71000000000000019E9	-3.52363584024971033E1
1.71999999999999997E9	-3.47617133849145343E1
1.72999999999999998E9	-3.40826938855551820E1
1.73999999999999977E9	-3.35870698814416091E1
1.75000000000000000E9	-3.32481074516873054E1
1.76000000000000023E9	-3.29974175502258316E1
1.77000000000000002E9	-3.28431152502641854E1
1.78000000000000003E9	-3.26175539727368058E1
1.78999999999999981E9	-3.25641749764874877E1
1.80000000000000004E9	-3.25509384826754644E1
1.81000000000000005E9	-3.24421883853790316E1
1.81999999999999984E9	-3.23232319894979403E1
1.83000000000000007E9	-3.20953194798100938E1
1.83999999999999986E9	-3.19327000000000139E1
1.85000000000000009E9	-3.18379092234889027E1
1.86000000000000010E9	-3.18483588289540798E1
1.86999999999999988E9	-3.17413292197995434E1
1.88000000000000012E9	-3.16529313139674251E1
1.88999999999999990E9	-3.15460579211712666E1
1.89999999999999991E9	-3.14610742316500058E1
1.91000000000000014E9	-3.14967923282859941E1
1.91999999999999993E9	-3.16238072968173833E1
1.93000000000000016E9	-3.16655182429845539E1
1.93999999999999995E9	-3.16321029247402485E1
1.94999999999999996E9	-3.14121521776117074E1
1.96000000000000019E9	-3.13229792434277154E1
1.96999999999999997E9	-3.11733732088913262E1
1.97999999999999998E9	-3.10384857520076851E1
1.98999999999999977E9	-3.10943641283746919E1
2.00000000000000000E9	-3.11806010428083180E1
2.01000000000000023E9	-3.12362716896882509E1
2.02000000000000002E9	-3.18190200783520583E1
2.03000000000000025E9	-3.21951924484123087E1
2.04000000000000004E9	-3.24420626442509885E1
2.04999999999999982E9	-3.28199451103672013E1
2.06000000000000005E9	-3.31681566162747732E1
2.06999999999999984E9	-3.34224443246181968E1
2.08000000000000007E9	-3.35146390544507700E1
2.08999999999999986E9	-3.37016965481191733E1
2.10000000000000009E9	-3.38909891926781537E1
2.11000000000000032E9	-3.39719423452513780E1
2.12000000000000011E9	-3.40667799454548836E1
2.12999999999999989E9	-3.40639899999999551E1
2.13999999999999968E9	-3.41288198792975006E1
2.14999999999999991E9	-3.40973701586065925E1
2.16000000000000014E9	-3.42983515770216218E1
2.16999999999999993E9	-3.46453324091302628E1
2.18000000000000016E9	-3.50064241484054151E1
2.18999999999999995E9	-3.57985932986967281E1
2.20000000000000018E9	-3.66414782024177565E1
2.20999999999999996E9	-3.84751075902462336E1
2.21999999999999975E9	-4.01511297413419044E1
2.22999999999999998E9	-4.22208065515559294E1
2.23999999999999977E9	-4.46488172912266990E1
2.25000000000000000E9	-4.71414398080747787E1
2.26000000000000023E9	-4.80620598581055614E1
2.27000000000000002E9	-4.73439403869456132E1
2.28000000000000025E9	-4.52848555594224322E1
2.29000000000000004E9	-4.32557983503231913E1
2.29999999999999982E9	-4.12113442570517208E1
2.31000000000000005E9	-3.94652986126141059E1
2.31999999999999984E9	-3.79515674966386163E1
2.33000000000000007E9	-3.71111424917586996E1
2.33999999999999986E9	-3.62393203762866145E1
2.35000000000000009E9	-3.57111833989410865E1
2.36000000000000032E9	-3.53451748394669085E1
2.37000000000000011E9	-3.49377248155843123E1
2.37999999999999989E9	-3.44512432493634790E1
2.38999999999999968E9	-3.40113556638869818E1
2.39999999999999991E9	-3.33741441692654783E1
2.41000000000000014E9	-3.28727919756557307E1
2.41999999999999993E9	-3.23850300000000280E1
2.43000000000000016E9	-3.20788203459437771E1
2.43999999999999995E9	-3.16955844456140312E1
2.45000000000000018E9	-3.15600567240630747E1
2.45999999999999996E9	-3.14981311621638715E1
2.46999999999999975E9	-3.13306392850555326E1
2.47999999999999998E9	-3.11763008172704836E1
2.48999999999999977E9	-3.09707211496706636E1
2.50000000000000000E9	-3.06913410995952063E1
2.51000000000000023E9	-3.05151576160510896E1
2.52000000000000002E9	-3.01314550610045684E1
2.53000000000000025E9	-2.98369607721599328E1
2.54000000000000004E9	-2.95861015395433480E1
2.54999999999999982E9	-2.92779577757463816E1
2.56000000000000005E9	-2.89742041273609763E1
2.56999999999999984E9	-2.87061446395614261E1
2.58000000000000007E9	-2.84278533026246816E1
2.58999999999999986E9	-2.82922145233807099E1
2.60000000000000009E9	-2.81878018176322476E1
2.61000000000000032E9	-2.82625628616574609E1
2.62000000000000011E9	-2.83298583934482240E1
2.62999999999999989E9	-2.85092939220542085E1
2.63999999999999968E9	-2.86327470203243761E1
2.64999999999999991E9	-2.87969863341653509E1
2.66000000000000014E9	-2.90354706853872857E1
2.66999999999999993E9	-2.90974737017876439E1
2.68000000000000016E9	-2.92207644954428103E1
2.68999999999999995E9	-2.91303426868800841E1
2.70000000000000018E9	-2.91022848390077860E1
2.70999999999999996E9	-2.89964399999999856E1
2.71999999999999975E9	-2.89851910099270915E1
2.72999999999999998E9	-2.88248152596595553E1
2.73999999999999977E9	-2.86513232135960383E1
2.75000000000000000E9	-2.85675196553317479E1
2.76000000000000023E9	-2.85173441764967706E1
2.77000000000000002E9	-2.86481693039132468E1
2.78000000000000025E9	-2.88801951396603984E1
2.79000000000000004E9	-2.91343227710087538E1
2.79999999999999982E9	-2.94695141050474607E1
2.81000000000000005E9	-2.98187882307723129E1
2.81999999999999984E9	-3.01964083186907839E1
2.83000000000000007E9	-3.08044404496970481E1
2.83999999999999986E9	-3.14562476447073669E1
2.85000000000000009E9	-3.20809650001907709E1
2.86000000000000032E9	-3.26773031020621962E1
2.87000000000000011E9	-3.31015446604866881E1
2.87999999999999989E9	-3.35646225259931086E1
2.88999999999999968E9	-3.35990354047717243E1
2.89999999999999991E9	-3.37444869279556192E1
2.91000000000000014E9	-3.39789588053628933E1
2.91999999999999993E9	-3.39551645234782651E1
2.93000000000000016E9	-3.40983711756357533E1
2.93999999999999995E9	-3.42907466965723051E1
2.95000000000000018E9	-3.43092996764814950E1
2.95999999999999996E9	-3.46467436953860730E1
2.96999999999999975E9	-3.50329580148620456E1
2.97999999999999998E9	-3.55048865482314024E1
2.98999999999999977E9	-3.64019628157236497E1
3.00000000000000000E9	-3.69718200000000774E1


